286.59,101510,371.28,198.38,-2.8855,1.5589,0.0076681,0
281.1625,101562.5,343.741666666667,152.441666666667,-2.418,0.732033333333333,0.006028125,0
278.558333333333,101425,331.091666666667,98.9583333333333,-1.028,-2.41560833333333,0.00509854166666667,0
278.416666666667,101370.833333333,330.441666666667,79.6791666666667,0.429666666666667,-2.341525,0.0051425,3.4625e-09
279.75,100825,336.858333333333,83.8916666666667,-0.00853333333333334,-3.7645,0.00586358333333333,5.77083333333333e-09
279.7,100558.333333333,336.5375,78.1291666666667,-1.339,-0.548941666666667,0.00601341666666667,1.50041666666667e-08
277.558333333333,100512.5,326.391666666667,77.3958333333333,0.973625,-3.37691666666667,0.00486704166666667,5.77083333333333e-09
275.2,100929.166666667,315.391666666667,54.4291666666667,0.548075,-5.44716666666667,0.004211375,3.4625e-09
272.8375,101295.833333333,304.695833333333,76.6166666666667,-0.235841666666667,-2.47105,0.00304583333333333,0
274.0125,100925,310.054166666667,133.7875,0.4095,-1.21566666666667,0.003389125,0
275.35,100595.833333333,316.175,98.0666666666667,-1.80812083333333,0.303516666666667,0.004023,0
275.466666666667,100950,316.654166666667,103.695833333333,-2.55745833333333,0.8807125,0.00403554166666667,3.4625e-09
275.7,101512.5,317.7375,68.5291666666667,-2.3328,1.06787083333333,0.00418616666666667,6.925e-09
276.175,101562.5,319.920833333333,87.2791666666667,0.196629166666667,-2.71780833333333,0.004213,0
275.691666666667,101279.166666667,317.7375,132.2375,3.19166666666667,-3.9985,0.00404445833333333,0
276.895833333333,100330,323.4125,64.1125,4.11820416666667,-2.58258333333333,0.004724,0
277.795833333333,99992.5,327.516666666667,63.8458333333333,-1.35361666666667,1.70775833333333,0.005194125,1.50041666666667e-08
275.291666666667,100691.666666667,315.8375,63.4333333333333,-1.4372,2.40029166666667,0.00391279166666667,8.07916666666667e-09
275.2375,100850,315.629166666667,86.3458333333333,-0.748916666666667,-0.28805,0.003504125,0
274.575,101187.5,312.508333333333,97.0708333333333,-2.92324583333333,2.65990833333333,0.00382004166666667,1.15416666666667e-08
274.279166666667,101258.333333333,311.2125,58.4833333333333,0.750116666666667,-1.37380416666667,0.00382895833333333,1.03875e-08
274.5125,100486.666666667,312.320833333333,57.7458333333333,2.12051666666667,-5.31025,0.003872625,2.30833333333333e-09
275.033333333333,99626.6666666667,314.65,27.3416666666667,2.17645833333333,-7.55575,0.00421754166666667,4.61666666666667e-09
274.4375,99889.1666666667,311.954166666667,42.9083333333333,0.588158333333333,-5.11408333333333,0.00405879166666667,3.4625e-09
274.808333333333,100454.166666667,313.641666666667,45.925,2.43514166666667,-3.90129166666667,0.00424433333333333,5.54e-08
279.833333333333,100604.166666667,337.554166666667,120.575,2.247375,0.0555333333333334,0.00536966666666667,2.19291666666667e-08
276.808333333333,100733.333333333,322.8625,43.375,0.592291666666667,-0.645325,0.00479183333333333,1.61583333333333e-08
275.15,100758.333333333,315.170833333333,48.6875,3.20279166666667,-3.47454166666667,0.00434175,3.4625e-09
274.620833333333,100612.5,312.808333333333,76.3458333333333,3.121325,-2.75195833333333,0.004112875,0
277.7125,100229.166666667,327.229166666667,103.841666666667,0.783658333333333,-2.4215,0.004980125,5.77083333333333e-09
280.25,99970,339.4875,73.7416666666667,0.8469375,-1.87729166666667,0.00588683333333333,0
277.629166666667,100600,326.679166666667,64.1041666666667,0.0189416666666667,1.29239166666667,0.00479329166666667,8.88875e-08
277.591666666667,100304.166666667,326.604166666667,79.1625,0.421004166666667,3.005325,0.00484054166666667,5.30916666666667e-08
274.1875,101004.166666667,310.8125,44.7333333333333,-3.64982916666667,4.226375,0.00399470833333333,3.57791666666667e-08
271.941666666667,102354.166666667,300.679166666667,34.4625,0.3598,-2.476025,0.00300766666666667,0
270.0875,102225,292.608333333333,33.2166666666667,1.7874875,-4.42683333333333,0.00261416666666667,0
270.2875,101808.333333333,293.445833333333,92.9625,-0.214575,-5.04329166666667,0.00267929166666667,0
270.904166666667,101325,296.1625,31.55,-2.4707375,-3.56538333333333,0.002987125,0
271.2375,100666.666666667,297.645833333333,48.0083333333333,-1.83657083333333,-3.54063333333333,0.00316429166666667,0
272.375,99625.8333333333,302.675,35.925,-1.81464583333333,-3.6506125,0.00359675,1.15416666666667e-08
271.666666666667,99094.1666666667,299.525,52.7416666666667,-2.57857916666667,-5.13118333333333,0.00334425,0
268.941666666667,99539.1666666667,287.704166666667,44.9333333333333,-1.43207916666667,-0.204608333333333,0.00258095833333333,0
266.629166666667,99965.8333333333,278.0375,87.8541666666667,2.50466666666667,1.31245416666667,0.00213570833333333,0
267.925,100383.333333333,283.654166666667,67.5875,3.30408333333333,1.47853333333333,0.00236554166666667,0
269.633333333333,99900.8333333333,290.7,67.75,-0.0739166666666667,0.993179166666667,0.00279375,2.30833333333333e-09
268.679166666667,100050.833333333,286.558333333333,56.4416666666667,1.0394375,1.420725,0.00252075,0
271.1875,99860.8333333333,297.358333333333,39.1541666666667,-0.9242125,-0.983283333333333,0.00322,0
271.295833333333,100239.166666667,297.895833333333,42.3791666666667,-2.59424583333333,2.12104166666667,0.00322579166666667,0
269.375,101212.5,289.554166666667,40.8166666666667,-1.30801666666667,0.452058333333333,0.00239108333333333,0
268.695833333333,101795.833333333,286.658333333333,37.6416666666667,-0.1490875,-2.96441666666667,0.00250829166666667,0
267.979166666667,101970.833333333,283.6,46.1958333333333,0.137804166666667,-3.6995,0.00236766666666667,0
270.120833333333,101675,292.820833333333,36.7083333333333,1.039475,-2.76270833333333,0.0029235,0
269.066666666667,101366.666666667,288.2375,45.975,0.8010875,-1.1458,0.00266720833333333,0
267.75,101029.166666667,282.641666666667,30.8166666666667,1.9476375,-0.189229166666667,0.00236825,0
265.683333333333,100228.333333333,274.108333333333,66.0333333333333,4.45575,-1.22172083333333,0.00195154166666667,0
267.304166666667,99800.8333333333,281.175,28.8416666666667,1.39593333333333,-0.398533333333333,0.00233583333333333,0
270.125,100462.5,292.804166666667,28.7916666666667,-0.576,-1.5552125,0.00295408333333333,0
269.695833333333,99047.5,290.945833333333,23.9541666666667,3.58033333333333,-6.497125,0.00290225,1.07333333333333e-08
272.045833333333,98610.8333333333,301.195833333333,24.4666666666667,-1.73835416666667,-0.550779166666667,0.00352366666666667,0
270.945833333333,99637.5,296.345833333333,27.7958333333333,-1.85314583333333,2.4911,0.003133875,0
268.0625,99977.5,284.045833333333,19.8333333333333,3.29091666666667,-2.5589,0.00247733333333333,0
270.583333333333,100354.166666667,294.829166666667,20.8166666666667,0.5161875,1.61302916666667,0.00306183333333333,0
270.754166666667,100194.166666667,295.491666666667,17.8541666666667,0.514183333333333,-5.165875,0.003128,0
270.945833333333,99441.6666666667,296.316666666667,23.9416666666667,-2.59245833333333,2.3440875,0.00319708333333333,0
269.820833333333,100215,291.5,20.7208333333333,-0.620416666666667,1.98185833333333,0.00284325,0
270.275,100700,293.404166666667,17.5375,2.5755625,-4.30275,0.00298291666666667,0
273.654166666667,99923.3333333333,308.4125,17.5375,2.969625,-1.07919583333333,0.00391245833333333,1.15416666666667e-08
271.0875,99578.3333333333,297.091666666667,30.35,0.345479166666667,3.29249166666667,0.003217875,0
271.4875,99385.8333333333,298.754166666667,10.925,0.903966666666667,-5.54795833333333,0.00336204166666667,0
271.15,99645.8333333333,297.316666666667,22.7958333333333,0.9786,-2.14170833333333,0.00328175,2.30833333333333e-09
267.704166666667,100745.833333333,282.654166666667,14.775,0.360183333333333,1.276425,0.00245075,0
268.554166666667,101633.333333333,286.25,11.8083333333333,0.00497083333333333,0.0179416666666667,0.00261766666666667,0
267.65,101816.666666667,282.3,9.77916666666667,-0.0865125,0.148945833333333,0.00239191666666667,0
263.195833333333,101650,263.925,11.1791666666667,-0.0298916666666667,0.222570833333333,0.001563625,0
265.516666666667,101516.666666667,273.404166666667,5.1375,0.785608333333333,-2.48048333333333,0.00194845833333333,0
267.983333333333,102079.166666667,283.675,12.1166666666667,1.96174166666667,-3.576625,0.00241479166666667,0
267.925,100870.833333333,283.4125,9.6125,3.90154166666667,-1.7254625,0.00236033333333333,0
269.075,99396.6666666667,288.2875,6.80833333333333,-1.23175833333333,0.86785,0.00270825,0
267.204166666667,99437.5,280.295833333333,4.46666666666667,-3.5873875,1.07835,0.00230429166666667,0
264.545833333333,99814.1666666667,269.325,3.7875,-0.184179166666667,-2.92203333333333,0.00177895833333333,0
260.2125,100199.166666667,252.541666666667,5.81666666666667,0.677058333333333,-0.455258333333333,0.00126389166666667,0
253.858333333333,101079.166666667,228.6,8.3125,0.627166666666667,0.209158333333333,0.000652229166666667,0
262.5125,100429.166666667,261.304166666667,10.45,2.981375,3.14973333333333,0.001436525,0
264.141666666667,99940.8333333333,267.970833333333,7.5375,1.7214875,0.1001625,0.00172097083333333,0
263.604166666667,99132.5,265.541666666667,4.30416666666667,0.147466666666667,3.36508333333333,0.00164945833333333,0
260.075,101158.333333333,251.566666666667,6.9625,-1.35158333333333,4.60329166666667,0.00114194166666667,0
255.3125,102500,233.783333333333,7.27083333333333,2.973125,-1.25615416666667,0.000727254166666667,0
256.9875,101083.333333333,239.908333333333,3.8875,6.65708333333333,-5.68470833333333,0.000835908333333333,1.03875e-08
262.9,100356.666666667,263.079166666667,4.35833333333333,4.63758333333333,0.805304166666667,0.00149303333333333,0
271.141666666667,98306.6666666667,297.633333333333,4.14166666666667,6.20991666666667,3.9106125,0.00323975,3.92416666666667e-08
267.358333333333,98368.3333333333,281.295833333333,2.74166666666667,-0.9688,10.2224583333333,0.0022875,0
262.904166666667,99823.3333333333,262.866666666667,3.47083333333333,-3.40078333333333,10.3384166666667,0.00154179166666667,0
260.229166666667,100214.166666667,252.283333333333,2.84583333333333,1.05646666666667,3.19831666666667,0.00116931666666667,0
267.125,98330,280.091666666667,1.7,2.825,2.69642083333333,0.00230433333333333,0
264.154166666667,99702.5,268.079166666667,1.59166666666667,-4.54978333333333,6.038775,0.00178535416666667,0
262.829166666667,101241.666666667,262.4125,1.80416666666667,-0.517404166666667,4.00562083333333,0.001471875,0
262.216666666667,102004.166666667,260.020833333333,1.02083333333333,-2.25589583333333,3.947,0.00138216666666667,9.35e-09
261.170833333333,102083.333333333,255.975,1.7,-2.57968333333333,2.72299583333333,0.00128550833333333,0
254.429166666667,102541.666666667,230.591666666667,1.22916666666667,-3.6611875,2.24239166666667,0.0006456,0
255.045833333333,102591.666666667,232.7375,1.4375,-3.62716666666667,2.82545833333333,0.000690375,0
250.95,103016.666666667,218.379166666667,1.07083333333333,-2.01934583333333,2.00656666666667,0.000481583333333333,0
244.733333333333,103041.666666667,197.225,0.916666666666667,0.2073875,-0.516795833333333,0.00022895,0
252.229166666667,101129.166666667,222.870833333333,0.654166666666667,-0.3805125,-5.58283333333333,0.000548608333333333,0
257.9,100520.833333333,243.291666666667,0.654166666666667,0.1845875,-6.04708333333333,0.0009285875,0
258.533333333333,101804.166666667,245.679166666667,0.708333333333333,-0.0832708333333333,-2.41841666666667,0.000974870833333333,0
248.133333333333,102675,208.541666666667,0.708333333333333,0.3429875,-1.75466666666667,0.000340366666666667,0
248.008333333333,102204.166666667,208.066666666667,0.708333333333333,1.58657083333333,-1.30089583333333,0.0003319875,0
248.508333333333,101308.333333333,209.8,0.6,-0.112733333333333,0.0620416666666667,0.000358929166666667,0
255.4125,101533.333333333,234.020833333333,0.6,-0.7987375,-0.819216666666667,0.000714466666666667,0
256.741666666667,102283.333333333,238.9625,0.6,-1.17305416666667,0.7587,0.0008136375,1.55791666666667e-08
258.35,102216.666666667,245.554166666667,0.6,3.74516666666667,3.7255,0.00105889166666667,0
269.904166666667,102170.833333333,291.8375,0.6,-2.64022916666667,8.81920833333333,0.00278995833333333,2.0425e-08
264.175,102908.333333333,267.8625,0.6,2.9834,-2.56705,0.00167958333333333,0
267.15,102258.333333333,280.270833333333,0.6,0.948783333333333,4.90448333333333,0.00224316666666667,0
264.316666666667,102862.5,268.608333333333,0.6,-0.664533333333333,3.0284125,0.00174780833333333,0
260.5,102391.666666667,253.358333333333,0.6,2.17783333333333,-3.04476666666667,0.00122017083333333,0
266.983333333333,101795.833333333,279.4,0.6,5.44358333333333,-5.44425,0.00219154166666667,3.67041666666667e-08
272.629166666667,101091.666666667,303.825,0.6,0.2698375,2.52914583333333,0.00362895833333333,4.755e-08
268.925,101750,287.583333333333,0.6,-1.85039166666667,5.21689583333333,0.00262404166666667,0
264.170833333333,101800,268.441666666667,0.6,5.207125,-4.48961666666667,0.00187848333333333,3.70458333333333e-08
246.920833333333,103883.333333333,204.545833333333,0.6,-0.167529166666667,-1.8430375,0.000301533333333333,1.10791666666667e-08
242.879166666667,104325,191.3375,0.6,-0.170883333333333,0.0271583333333333,0.0001846625,0
242.020833333333,103629.166666667,188.65,0.6,0.3463,-0.181625,0.000170216666666667,0
243.25,102125,192.783333333333,0.6,-0.133508333333333,0.858216666666667,0.000212070833333333,0
251.25,100841.666666667,219.25,0.6,-3.579775,1.56155,0.000487029166666667,9.69583333333333e-09
247.716666666667,101279.166666667,207.116666666667,0.6,-0.127604166666667,2.340125,0.000326125,9.69583333333333e-09
254.166666666667,101454.166666667,229.554166666667,0.6,-1.56787083333333,3.70604166666667,0.000641920833333333,2.5625e-08
251.5125,101433.333333333,220.0875,0.6,-0.347095833333333,2.8045,0.000488283333333333,0
247.408333333333,101725,206.016666666667,0.6,-0.0624416666666667,1.579775,0.000311383333333333,0
244.525,102050,196.670833333333,0.6,-0.107754166666667,0.1315125,0.000228741666666667,0
243.525,101833.333333333,193.55,0.6,0,0,0.000211041666666667,0
252.958333333333,100562.5,225.329166666667,0.6,0,0,0.000589166666666667,0
251.958333333333,100687.5,221.829166666667,0.6,0,0,0.000534104166666667,1.24666666666667e-08
247.654166666667,101187.5,206.875,0.6,0,0,0.0003223875,2.04291666666667e-08
249.408333333333,101825,213.1875,0.6,0,0,0.000424345833333333,0
242.2625,102704.166666667,189.4375,0.6,0,0,0.000175208333333333,0
239.954166666667,103020.833333333,182.275,0.6,0,0,0.000133175,0
239.070833333333,103612.5,179.616666666667,0.6,0,0,0.000119391666666667,0
242.5875,102741.666666667,190.470833333333,0.6,0,0,0.000181979166666667,0
248.133333333333,101837.5,208.508333333333,0.6,0,0,0.0003362375,2.18125e-08
246.604166666667,101300,203.370833333333,0.6,0,0,0.000288133333333333,1.21208333333333e-08
246.825,101083.333333333,204.120833333333,0.6,0,0,0.000293158333333333,3.87791666666667e-08
252.85,100300,224.766666666667,0.6,0.666233333333333,-1.87133333333333,0.000562329166666667,0
255.6875,101112.5,235.020833333333,0.6,4.56075,-9.66891666666667,0.000738895833333333,9.69583333333333e-09
253.920833333333,101908.333333333,228.566666666667,0.6,5.08516666666667,-7.81725,0.000614979166666667,0
252.970833333333,102545.833333333,225.175,0.6,3.02533333333333,-4.94770833333333,0.000553475,0
253.245833333333,101637.5,226.195833333333,0.6,0.0995375,-5.87204166666667,0.0005795,0
254.645833333333,101270.833333333,231.216666666667,0.6,1.51370416666667,-8.62129166666667,0.000667341666666667,0
246.125,101625,202.079166666667,0.6,-0.446854166666667,-2.96824166666667,0.000293229166666667,0
242.329166666667,101462.5,189.708333333333,0.6,-0.160620833333333,-0.802083333333333,0.000181404166666667,0
247.925,101354.166666667,207.825,0.6,-0.9534875,-0.238533333333333,0.000334066666666667,0
243.85,101325,194.525,0.6,-0.809391666666667,1.2707625,0.0002159125,0
252.108333333333,99879.1666666667,222.1125,0.6,-1.35865,1.31172916666667,0.0005172875,0
248.241666666667,99579.1666666667,208.9625,0.6,-0.544416666666667,1.465725,0.000359870833333333,8.65416666666667e-09
241.425,100166.666666667,186.866666666667,0.6,-0.438775,1.5845,0.0001668,0
242.191666666667,99638.3333333333,189.4625,0.6,-0.446225,2.27508333333333,0.00019185625,2.63166666666667e-08
240.383333333333,101155.833333333,184.033333333333,0.6,-0.891491666666667,1.22843333333333,0.00016624125,1.00416666666667e-08
233.558333333333,102383.333333333,163.65,0.6,-0.0337583333333333,0.8369125,6.248e-05,0
234.2625,102758.333333333,165.804166666667,0.6,-0.0438541666666667,0.107604166666667,7.21808333333333e-05,0
245.95,100591.666666667,201.270833333333,0.6,1.13833333333333,-9.15225,0.000270283333333333,0
246.945833333333,101095.833333333,204.495833333333,0.708333333333333,3.39179166666667,-7.01104166666667,0.0002952875,1.24666666666667e-08
249.445833333333,101237.5,212.9,0.654166666666667,2.71145833333333,-6.3325,0.000389575,1.00416666666667e-08
255.5625,100154.166666667,234.570833333333,0.654166666666667,3.00629166666667,-7.95229166666667,0.000736208333333333,1.80041666666667e-08
255.079166666667,100725,232.7875,0.654166666666667,3.44625,-8.26254166666667,0.0006975125,3.60125e-08
253.354166666667,101087.5,226.545833333333,0.708333333333333,5.0955,-10.49425,0.000582158333333333,5.22791666666667e-08
253.866666666667,101079.166666667,228.4,0.758333333333333,6.72279166666667,-8.84204166666667,0.0006140875,3.87791666666667e-08
259.220833333333,101595.833333333,248.370833333333,1.23333333333333,6.16233333333333,-4.19395833333333,0.001069575,1.21208333333333e-08
259.008333333333,101270.833333333,247.475,1.80416666666667,4.46445833333333,-6.03,0.001031275,0
256.958333333333,101279.166666667,239.75,2.89583333333333,3.740875,-4.78758333333333,0.000840804166666667,0
255.475,101025,234.258333333333,2.4875,3.3225375,-4.15254166666667,0.000725270833333333,0
255.320833333333,101166.666666667,233.925,2.01666666666667,0.437883333333333,-0.548970833333333,0.000748108333333333,0
260.870833333333,101625,254.6875,3.525,0,0,0.00123879166666667,0
258.075,101770.833333333,243.916666666667,2.43333333333333,0,0,0.000936979166666667,0
266.258333333333,102687.5,276.5375,2.79583333333333,0,0,0.00209292916666667,0
262.508333333333,103912.5,261.2,3.8375,0,0,0.00143454166666667,0
257.620833333333,103858.333333333,242.291666666667,3.525,0,0,0.000882125,2.00833333333333e-08
260.125,103075,252.141666666667,2.325,0,0,0.00121585833333333,0
264.9,102816.666666667,270.858333333333,2.89583333333333,-0.7150875,2.16629166666667,0.00182425,2.70083333333333e-08
260.020833333333,103162.5,251.75,3.67916666666667,-9.22991666666667,3.35871666666667,0.0012218875,4.46666666666667e-08
251.020833333333,101558.333333333,218.458333333333,5.4,-2.554825,1.15259583333333,0.000455129166666667,0
251.370833333333,103079.166666667,219.754166666667,4.925,0.886266666666667,0.873341666666667,0.000481629166666667,0
249.475,104045.833333333,213.183333333333,5.45,-1.07128333333333,0.00345416666666668,0.000396841666666667,0
253.05,102433.333333333,226.05,6.07916666666667,-1.14995,2.75364166666667,0.000633191666666667,0
247.1125,102000,205.429166666667,8.375,-4.05470833333333,2.14215833333333,0.000335570833333333,0
237.104166666667,101812.5,173.891666666667,6.02916666666667,-0.490829166666667,0.465404166666667,9.89858333333333e-05,0
234.4375,102091.666666667,166.170833333333,6.64583333333333,-1.17186666666667,-0.485958333333333,7.015625e-05,0
239.0875,101925,179.725,6.4375,-0.859283333333333,-2.79117916666667,0.0001228475,0
240.333333333333,101600,183.466666666667,6.90833333333333,-1.21017916666667,-3.34732916666667,0.000140754166666667,0
240.079166666667,101187.5,182.679166666667,7.275,-1.13735833333333,-4.67691666666667,0.0001378625,0
240.304166666667,101762.5,183.391666666667,7.9,-0.925833333333333,-4.70470833333333,0.000140658333333333,0
241.4625,101937.5,187.029166666667,8.36666666666667,-0.157154166666667,2.1196375,0.000163233333333333,0
238.8375,102175,179.0125,10.0333333333333,0.574070833333333,-0.132675,0.000119596666666667,0
235.95,102845.833333333,170.5375,10.2958333333333,0,0,8.387e-05,0
240.275,103079.166666667,183.383333333333,11.1833333333333,0,0,0.000141222083333333,0
244.070833333333,102833.333333333,195.15,11.3916666666667,0.986175,-1.95879166666667,0.000213341666666667,0
253.325,101837.5,226.508333333333,18.3208333333333,7.38983333333333,-7.51983333333333,0.000584304166666667,0
253.166666666667,101458.333333333,226.045833333333,30.925,3.310725,-2.0535125,0.000592845833333333,1.48875e-08
253.454166666667,101454.166666667,226.995833333333,30.5041666666667,0.4028875,-0.268704166666667,0.0005992125,0
259.216666666667,102266.666666667,248.570833333333,18.3208333333333,0.2390625,0.0514333333333333,0.00110427916666667,0
253.266666666667,101562.5,226.3375,19.7291666666667,7.018875,-8.271125,0.000581091666666667,0
258.575,100937.5,246.275,40.5083333333333,3.31147916666667,-2.29450416666667,0.001082475,1.35041666666667e-08
265.25,101345.833333333,272.279166666667,28.4708333333333,0.611783333333333,2.23395416666667,0.00189841666666667,2.00833333333333e-08
255.495833333333,102287.5,234.391666666667,24.8291666666667,-3.73895833333333,4.4303875,0.000734725,1.385e-08
247.795833333333,103033.333333333,207.4375,41.1291666666667,-1.57000416666667,0.928554166666667,0.000328116666666667,0
242.908333333333,103195.833333333,191.479166666667,47.2708333333333,0.222275,0.919408333333333,0.000187116666666667,0
243.458333333333,103158.333333333,193.304166666667,51.4,-0.1349875,1.32430416666667,0.0002053,0
241.070833333333,103133.333333333,185.7625,54.1583333333333,0.0633958333333333,2.8753625,0.0001523875,0
246.466666666667,102116.666666667,203.275,34.6208333333333,-2.10057916666667,3.08076666666667,0.0003061875,0
246.479166666667,101800,203.008333333333,47.7041666666667,-1.3043,0.715158333333333,0.000285125,1.76583333333333e-08
242.282608695652,101547.826086957,189.530434782609,56.4782608695652,0.154004347826087,1.0842652173913,0.000179586956521739,0
239.0125,101304.166666667,179.554166666667,64.5208333333333,0.255120833333333,0.4368625,0.000125225833333333,0
241.254166666667,100274.166666667,186.820833333333,41.9125,0.0534333333333333,-2.76270833333333,0.000184727916666667,0
248.7625,99711.6666666667,210.575,56.9166666666667,0.600275,-3.09633333333333,0.000366754166666667,0
251.666666666667,99707.5,220.625,55.4041666666667,2.1772875,-4.40758333333333,0.000503179166666667,1.69666666666667e-08
252.4875,99490.8333333333,223.508333333333,67.7541666666667,0.2726625,-3.2801625,0.0005471625,0
252.125,99570.8333333333,222.3375,49.05,-0.9356,0.2683625,0.000538645833333333,0
251.641666666667,100500,220.629166666667,65.7708333333333,0.311354166666667,0.544883333333333,0.000503066666666667,0
252.445833333333,100420.833333333,223.4625,71.7125,2.48554166666667,-3.40439166666667,0.00054765,9.10666666666667e-08
253.970833333333,100962.5,228.804166666667,87.0708333333333,2.1699,-3.45258333333333,0.000626783333333333,0
254.475,102920.833333333,230.708333333333,69.625,-1.086475,3.52405416666667,0.000653325,3.56625e-08
254.704166666667,103408.333333333,231.595833333333,72.4375,2.69560833333333,0.462641666666667,0.000675645833333333,0
259.304166666667,103337.5,248.733333333333,97.5958333333333,-0.488516666666667,3.91870833333333,0.0010559875,0
254.225,103595.833333333,229.8,91.7083333333333,1.09539166666667,0.754375,0.000633675,0
255.016666666667,103283.333333333,232.670833333333,99.6208333333333,1.01674583333333,0.7995875,0.000696345833333333,0
257.308333333333,102837.5,241.2,103.529166666667,2.97420833333333,-2.60447916666667,0.000863179166666667,5.43583333333333e-08
254.495833333333,101879.166666667,230.704166666667,107.7,3.9035,-3.75883333333333,0.00063665,7.16708333333333e-08
256.429166666667,100995.833333333,237.920833333333,110.191666666667,2.53425,-2.52639583333333,0.0007736375,0
257.520833333333,101379.166666667,241.9125,112.383333333333,0.364666666666667,1.95644583333333,0.000816979166666667,0
255.958333333333,101745.833333333,236.158333333333,103.008333333333,0.208079166666667,1.22729583333333,0.0007682625,0
254.2375,101475,229.783333333333,89.2,0.843783333333333,-2.2436875,0.000639229166666667,0
253.5375,101766.666666667,227.291666666667,86.9625,2.76995833333333,-2.99008333333333,0.0005921875,9.10625e-08
251.541666666667,102504.166666667,220.4,116.345833333333,0.368125,-0.252875,0.000495483333333333,0
257.345833333333,102470.833333333,241.220833333333,84.2583333333333,-0.917745833333333,1.55850833333333,0.000861591666666667,0
255.766666666667,101904.166666667,235.3125,89.5208333333333,1.85578333333333,-0.150633333333333,0.000735891666666667,0
250.445833333333,101208.333333333,216.479166666667,124.108333333333,1.8686125,-2.65441666666667,0.000440954166666667,1.90416666666667e-08
249.395833333333,100904.166666667,212.875,119.783333333333,-1.32705416666667,0.640620833333333,0.000391491666666667,0
247.416666666667,100891.666666667,206.275,123.95,-1.44209166666667,2.58504166666667,0.000330895833333333,0
246.041666666667,101066.666666667,201.666666666667,143.429166666667,0.112570833333333,2.47216666666667,0.000276358333333333,0
246.2375,101095.833333333,202.429166666667,135.9375,-0.315741666666667,1.23895833333333,0.000281508333333333,0
244.9125,101262.5,198.054166666667,149.525,-1.15760416666667,1.69921666666667,0.000241070833333333,0
244.7625,101620.833333333,197.5875,154.416666666667,1.6613875,-0.331504166666667,0.000241020833333333,0
252.854166666667,101420.833333333,225.2875,128.795833333333,0.635483333333333,2.23984166666667,0.000605120833333333,0
250,102150,215.041666666667,159.6375,0.812983333333333,1.98166666666667,0.000424241666666667,0
252.883333333333,101470.833333333,225.441666666667,169.266666666667,2.26729166666667,0.362366666666667,0.0005880875,0
259.833333333333,100787.5,251.345833333333,168.529166666667,3.0091375,-0.511991666666667,0.00117845,0
269.766666666667,100550,291.241666666667,159.783333333333,1.485725,1.36184166666667,0.00274883333333333,0
269.504166666667,100712.5,290.1125,166.295833333333,1.094725,2.59069583333333,0.00269716666666667,0
267.675,101112.5,282.333333333333,130.4625,-2.12917916666667,2.46532083333333,0.002368375,2.56208333333333e-08
263.454166666667,100925,264.9125,118.016666666667,-2.47166666666667,0.6911875,0.00158770833333333,0
256.9875,100912.5,240.016666666667,180.725,-0.32065,-3.95133333333333,0.0008722625,1.45416666666667e-08
254.754166666667,101391.666666667,232.091666666667,169.575,0.568554166666667,-3.329375,0.000737583333333333,0
256.933333333333,101958.333333333,240.145833333333,147.65,1.12555833333333,-3.35116666666667,0.000914016666666667,0
256.370833333333,101858.333333333,237.7875,189.320833333333,3.47079166666667,-4.935875,0.000804383333333333,4.08541666666667e-08
262.554166666667,101162.5,261.708333333333,165.370833333333,3.0419875,-3.30633333333333,0.00150517083333333,3.15083333333333e-08
267.145833333333,101100,280.075,149.9375,-1.02031666666667,-0.6248125,0.002192125,0
263.808333333333,100725,266.379166666667,153.4375,1.16070833333333,-2.5905625,0.001652,4.70916666666667e-08
261.333333333333,99979.1666666667,256.504166666667,194.941666666667,1.88415416666667,-2.09981666666667,0.00129244583333333,3.63541666666667e-08
262.8625,100084.166666667,262.704166666667,205.891666666667,1.62450416666667,-3.01541666666667,0.00150083333333333,8.1025e-08
263.4625,100650,265.225,158.533333333333,2.22747083333333,-3.69672916666667,0.00164969166666667,1.385e-08
259.283333333333,101045.833333333,248.595833333333,202.395833333333,6.651125,-8.21583333333333,0.00106004166666667,1.93916666666667e-08
264.783333333333,100670.833333333,271.116666666667,186.295833333333,6.21235,-3.7738375,0.00198355416666667,1.15416666666667e-08
271.029166666667,101850,296.945833333333,184.833333333333,2.732325,1.82849583333333,0.003047375,2.30833333333333e-09
275.125,102554.166666667,315.008333333333,158.170833333333,2.26367916666667,3.1597,0.003965,1.82375e-08
275.358333333333,102708.333333333,316.154166666667,184.995833333333,1.4400875,1.11309166666667,0.00406658333333333,2.80458333333333e-08
273.716666666667,101445.833333333,308.7875,258.125,1.701525,-1.457225,0.00370025,0
270.1625,100520.833333333,293.125,173.85,-2.42057916666667,6.43024583333333,0.002819375,0
268.579166666667,100770.833333333,286.233333333333,169.520833333333,-0.478929166666667,9.660875,0.00223320833333333,0
269.470833333333,100470.833333333,290.020833333333,211.929166666667,-0.807679166666667,1.4806625,0.00245683333333333,0
266.958333333333,100933.333333333,279.4375,163.020833333333,-0.93715,1.69841666666667,0.002096125,0
267.016666666667,101416.666666667,279.5375,195.6375,2.61470416666667,-0.2361375,0.00207970833333333,0
269.404166666667,101704.166666667,289.795833333333,236.141666666667,6.32233333333333,-1.8815,0.00254125,0
274.345833333333,101783.333333333,311.533333333333,177.654166666667,1.20496666666667,2.40230833333333,0.00391575,6.925e-09
275.683333333333,102100,317.645833333333,154.7875,1.7985375,1.38619166666667,0.0042055,0
274.970833333333,101845.833333333,314.325,169.629166666667,0.698083333333333,1.9598875,0.00395895833333333,6.925e-09
273.604166666667,101983.333333333,308.108333333333,126.045833333333,-3.58183333333333,5.05116666666667,0.00369020833333333,4.61666666666667e-09
273.883333333333,102537.5,309.3875,135.625,-1.54674166666667,5.984125,0.00363629166666667,0
275.308333333333,101812.5,315.979166666667,76.6625,0.887991666666667,2.88134166666667,0.00435258333333333,4.38583333333333e-08
273.741666666667,101662.5,308.779166666667,133.6375,-3.369875,5.701,0.00378683333333333,2.30833333333333e-09
273.679166666667,100854.166666667,308.5375,112.8125,-1.2386875,3.63469583333333,0.00387295833333333,2.0775e-08
267.875,101258.333333333,283.1375,105.579166666667,-3.50395833333333,2.7346375,0.00229208333333333,0
272.8,102200,304.8375,247.558333333333,2.51144583333333,2.4384,0.00307533333333333,0
271.354166666667,101937.5,298.225,112.0875,-2.58530833333333,2.7912375,0.00298283333333333,0
270.679166666667,102145.833333333,295.2125,82.8666666666667,-4.35179166666667,4.19366666666667,0.00276720833333333,0
271.195833333333,101820.833333333,297.466666666667,78.0666666666667,-3.53445833333333,1.82859583333333,0.002956875,0
268.270833333333,101620.833333333,284.8,180.1625,0.1137375,-3.841,0.00209104166666667,0
269.2625,100995.833333333,289.1125,173.020833333333,3.72045833333333,-3.43179166666667,0.002117375,0
268.808333333333,100620.833333333,287.054166666667,168.854166666667,1.96041666666667,-4.48020833333333,0.00234808333333333,0
269.4875,100883.333333333,290.008333333333,189.058333333333,-0.396375,-3.54574583333333,0.00253291666666667,9.23333333333333e-09
270.070833333333,101133.333333333,292.5875,177.133333333333,2.1790375,-5.31408333333333,0.00268995833333333,0
270.575,101229.166666667,294.7125,168.120833333333,1.62096666666667,-6.61345833333333,0.00288229166666667,0
269.733333333333,101300,291.083333333333,172.858333333333,1.76517083333333,-8.19191666666667,0.00275116666666667,0
270.954166666667,100937.5,296.4,135.825,1.5811625,-9.09729166666667,0.00311858333333333,0
270.5875,100866.666666667,294.775,173.908333333333,3.310875,-8.72216666666667,0.00300533333333333,0
270.441666666667,101195.833333333,294.191666666667,160.516666666667,2.29258333333333,-5.706375,0.002924375,0
272.566666666667,102112.5,303.554166666667,217.241666666667,0.592095833333333,-1.09182083333333,0.00337483333333333,5.30916666666667e-08
277.566666666667,102087.5,326.595833333333,226.8625,3.50554166666667,-1.13869583333333,0.00442704166666667,0
278.529166666667,101400,331.041666666667,142.825,1.1856625,-0.507245833333333,0.00527041666666667,3.92416666666667e-08
274.470833333333,101266.666666667,312.104166666667,101.141666666667,-3.00354166666667,3.17283333333333,0.004077875,0
274.991666666667,101295.833333333,314.483333333333,150.8375,0.192820833333333,-1.246075,0.00399870833333333,0
274.066666666667,101204.166666667,310.241666666667,177.383333333333,-0.997933333333333,-3.37000416666667,0.00385033333333333,0
274.045833333333,101025,310.158333333333,148.8,0.906370833333333,-4.43220833333333,0.003923125,0
274.016666666667,101016.666666667,310.05,178.125,0.9716125,-4.173625,0.00376558333333333,0
273.829166666667,101250,309.2375,111.25,0.619829166666667,-3.134625,0.00383841666666667,0
275.391666666667,101375,316.308333333333,169.95,1.12409166666667,-3.46608333333333,0.00415183333333333,0
275.45,100795.833333333,316.583333333333,92.9166666666667,0.190683333333333,0.872770833333333,0.00445645833333333,3.69333333333333e-08
280.341666666667,100929.166666667,340.266666666667,231.145833333333,-1.56502916666667,0.270683333333333,0.00509216666666667,0
275.329166666667,101354.166666667,316.0875,187.3,-2.7705875,-2.26525,0.00381041666666667,0
278.4375,100912.5,331.133333333333,269.854166666667,3.661875,1.26970833333333,0.004750375,0
281.545833333333,100121.666666667,345.75,105,3.61133333333333,1.0348875,0.00583304166666667,0
278.125,99800,329.15,118.070833333333,2.72315833333333,0.7062875,0.00490145833333333,0
275.841666666667,100198.333333333,318.404166666667,49.225,3.90008333333333,0.8503375,0.00445295833333333,0
277.133333333333,101258.333333333,324.5,86.825,5.21370833333333,1.5459875,0.00479125,0
276.741666666667,101562.5,322.683333333333,133.75,3.84670833333333,-3.18441666666667,0.00445920833333333,0
279.570833333333,101087.5,336.4875,252.916666666667,3.38670833333333,-1.736,0.00528741666666667,3.4625e-09
276.583333333333,100458.333333333,321.825,59.9958333333333,0.285829166666667,-3.55941666666667,0.004606,9.23333333333333e-09
279.925,99917.5,338.116666666667,167.7625,-2.19704166666667,1.88261666666667,0.00537283333333333,6.925e-08
284.5125,100487.5,360.491666666667,260.570833333333,-1.786275,0.434991666666667,0.006346625,0
284.3875,100670.833333333,360.025,183.333333333333,0.205879166666667,-3.75754166666667,0.00653358333333333,0
276.641666666667,100629.166666667,322.041666666667,43.3375,-0.849095833333333,-4.92116666666667,0.00465008333333333,6.2325e-08
276.020833333333,100437.5,319.191666666667,68.0166666666667,-0.005425,-4.85545833333333,0.00452870833333333,8.88708333333333e-08
279.220833333333,100237.5,334.695833333333,88.8,-0.197529166666667,-0.426754166666667,0.00536416666666667,2.53916666666667e-08
285.054166666667,100891.666666667,363.5,90.0458333333333,1.34240833333333,0.233683333333333,0.00690491666666667,9.23333333333333e-09
286.3875,101200,370.529166666667,161.15,1.46850833333333,-0.0148791666666667,0.00834058333333333,7.38666666666667e-08
289.25,101133.333333333,385.383333333333,131.825,2.35811666666667,-0.47065,0.00867016666666667,0
286.5,100804.166666667,370.6125,59.4791666666667,3.71391666666667,1.90644166666667,0.00794033333333333,6.925e-09
284.133333333333,100858.333333333,358.645833333333,77.7666666666667,1.83687916666667,0.546358333333333,0.00692129166666667,0
287.470833333333,101054.166666667,376,136.879166666667,2.067375,1.0122625,0.00771479166666667,0
289.220833333333,101070.833333333,385.0625,95.725,2.48934583333333,0.738570833333333,0.008958625,3.00083333333333e-08
283.658333333333,101333.333333333,356.266666666667,130.779166666667,3.99825,0.978416666666667,0.00700979166666667,6.925e-09
279.966666666667,101533.333333333,337.979166666667,109.891666666667,4.89466666666667,1.193275,0.005764125,0
280.633333333333,101437.5,341.354166666667,228.279166666667,5.0015,1.45895833333333,0.00579520833333333,0
280.945833333333,101404.166666667,342.766666666667,157.029166666667,4.30579166666667,-1.74504166666667,0.00583575,0
285.4,100875,365.7625,215.9375,4.23670833333333,1.68733333333333,0.00712604166666667,0
282.925,100233.333333333,352.491666666667,103.954166666667,-1.107125,-0.8650375,0.00684104166666667,1.50041666666667e-08
281.7875,100009.166666667,347.4,74.6375,-1.39813333333333,2.49488333333333,0.00591229166666667,3.4625e-09
278.5375,100216.666666667,331.008333333333,36.9333333333333,-2.698425,4.88408333333333,0.005382375,3.57791666666667e-08
277.2875,100687.5,325.1,71.4041666666667,-4.00591666666667,2.97041666666667,0.00450729166666667,0
281.679166666667,100962.5,346.8625,98.1833333333333,0.543741666666667,0.378016666666667,0.00567425,0
287.0375,100262.5,373.558333333333,54.725,-0.0511375,1.23104166666667,0.00854004166666667,3.4625e-09
281.545833333333,99887.5,345.529166666667,64.2708333333333,-0.954595833333333,3.38655833333333,0.00630395833333333,7.50208333333333e-08
277.491666666667,99712.5,325.995833333333,64.5958333333333,-2.02040833333333,5.9635,0.00460325,5.77083333333333e-09
278.416666666667,99760.8333333333,330.495833333333,72.3,-1.70096666666667,3.92591666666667,0.00505533333333333,6.925e-09
278.508333333333,100330.833333333,330.9625,51.825,-0.6443625,2.9086625,0.004969125,3.69333333333333e-08
279.625,100150.833333333,336.216666666667,48.4916666666667,-2.24152916666667,4.66329166666667,0.00558616666666667,2.53916666666667e-08
278.308333333333,100812.5,330.020833333333,98.9125,-1.92257083333333,1.49175416666667,0.00482220833333333,0
278.741666666667,100028.333333333,331.970833333333,37.4625,1.63744583333333,0.891695833333333,0.00555504166666667,1.142625e-07
277.1875,100741.666666667,324.783333333333,62.9125,0.462375,0.8154375,0.00481829166666667,2.30833333333333e-08
277.783333333333,101683.333333333,327.558333333333,90.5208333333333,0.63305,-0.470566666666667,0.00440191666666667,0
276.8875,101954.166666667,323.341666666667,67.1333333333333,2.17732083333333,-0.754904166666667,0.00437483333333333,0
277.458333333333,101904.166666667,325.945833333333,54.425,2.38145833333333,-2.59325,0.004619125,0
278.675,102379.166666667,331.945833333333,137.658333333333,-0.0268041666666667,-2.26086666666667,0.00475525,3.4625e-09
282.204166666667,102525,349.241666666667,196.195833333333,-1.020575,-1.36807916666667,0.00517095833333333,0
283.1625,102079.166666667,354.133333333333,76.9791666666667,3.38,0.755375,0.00620633333333333,0
284.720833333333,101370.833333333,361.458333333333,47.9666666666667,0.771775,1.38663333333333,0.00737504166666667,3.4625e-09
282.429166666667,100891.666666667,349.9125,30.4208333333333,-3.873875,4.34195833333333,0.00715416666666667,3.4625e-09
276.125,101325,319.704166666667,42.4333333333333,-4.11675,1.108125,0.004542625,0
278.029166666667,101516.666666667,328.754166666667,41.8708333333333,-1.07944583333333,-0.791970833333333,0.005188125,0
278.35,101662.5,330.266666666667,184.379166666667,1.34445833333333,-4.08979166666667,0.00488129166666667,0
279.245833333333,101525,334.770833333333,129.529166666667,2.75208333333333,-0.474866666666667,0.00496204166666667,0
280.641666666667,101420.833333333,341.4125,108.491666666667,2.3249625,-3.09716666666667,0.00528625,0
278.166666666667,101079.166666667,329.220833333333,45.4125,1.90191666666667,-6.35508333333333,0.00505916666666667,0
277.220833333333,101291.666666667,324.841666666667,71.5583333333333,2.21725,-7.798375,0.0046525,0
276.05,101558.333333333,319.429166666667,102.8625,1.3810625,-6.16104166666667,0.00448791666666667,0
279.216666666667,101525,334.545833333333,139.891666666667,1.4327375,-5.441875,0.00514541666666667,0
280.070833333333,101304.166666667,338.716666666667,151.404166666667,1.36242916666667,-5.69604166666667,0.005392,0
278.041666666667,100962.5,328.816666666667,78.3791666666667,0.511720833333333,-5.81179166666667,0.00475458333333333,0
278.0375,100895.833333333,328.758333333333,140.9375,2.93379166666667,-5.88120833333333,0.00501229166666667,0
277.6875,100833.333333333,326.991666666667,43.0125,3.57579166666667,-5.89366666666667,0.004849375,0
277.508333333333,100500,326.104166666667,33.6875,3.52529166666667,-5.88326666666667,0.004961625,0
278.841666666667,99939.1666666667,332.604166666667,78.4041666666667,2.37588333333333,-4.09925,0.00556470833333333,0
284.6875,99767.5,361.620833333333,162.858333333333,0.48675,-0.703366666666667,0.007624,0
279.391666666667,100445.833333333,335.120833333333,114.941666666667,-2.53683333333333,0.4406,0.00565325,0
280.5625,101295.833333333,340.829166666667,120.354166666667,-0.8975625,-0.833654166666667,0.005637375,0
282.283333333333,101604.166666667,349.283333333333,113.429166666667,2.35945833333333,-0.1785625,0.00655475,0
282.504166666667,101758.333333333,350.3125,83.0666666666667,1.56462083333333,-0.618808333333333,0.00683141666666667,6.00166666666667e-08
283.741666666667,101695.833333333,356.741666666667,129.520833333333,0.8315625,2.16987083333333,0.00672808333333333,8.07916666666667e-09
282.254166666667,101454.166666667,349.141666666667,48.6416666666667,-0.369254166666667,4.16095833333333,0.006787625,2.77e-08
275.270833333333,101375,315.783333333333,108.0625,-0.698016666666667,-1.167875,0.00413008333333333,6.925e-09
276.529166666667,100766.666666667,321.620833333333,65.4583333333333,3.67166666666667,-3.93591666666667,0.00443825,3.4625e-09
276.795833333333,100520.833333333,322.775,68.1125,2.01220833333333,-0.9410875,0.00470454166666667,0
280.45,99898.3333333333,340.879166666667,128.116666666667,0.728741666666667,1.89942916666667,0.00556375,0
277.216666666667,99715,324.904166666667,72.65,-1.81166666666667,2.68388333333333,0.004679875,3.34708333333333e-08
275.3,99715.8333333333,315.841666666667,85.5625,-1.0772125,3.03264166666667,0.004103625,1.73125e-08
275.004166666667,99690,314.520833333333,83.475,-0.268170833333333,4.412125,0.00415133333333333,2.19291666666667e-08
275.979166666667,99511.6666666667,319.004166666667,45.25,1.18772916666667,6.40908333333333,0.00454029166666667,6.69416666666667e-08
275,99380,314.5,94.475,-1.31435833333333,2.88769583333333,0.004233375,5.54e-08
273.825,99574.1666666667,309.116666666667,79.625,-1.02286666666667,5.64341666666667,0.00384979166666667,2.19291666666667e-08
274.179166666667,100633.333333333,310.820833333333,59.1541666666667,-4.45508333333333,4.626125,0.00394916666666667,4.61666666666667e-08
274.420833333333,101550,311.829166666667,65.3041666666667,-3.4599375,1.6886375,0.00365929166666667,3.00083333333333e-08
274.383333333333,102133.333333333,311.841666666667,148.7875,1.61152083333333,-1.0620875,0.00340795833333333,2.77e-08
275.204166666667,102112.5,315.758333333333,144.933333333333,2.86295833333333,0.0300541666666667,0.0035915,2.30833333333333e-08
277.525,101616.666666667,326.854166666667,142.125,2.13181666666667,1.0381375,0.00357670833333333,0
277.066666666667,101487.5,324.3,123.533333333333,-0.4955625,-0.409004166666667,0.00421520833333333,3.4625e-09
274.179166666667,101795.833333333,310.733333333333,39.4166666666667,1.81335833333333,-4.69145833333333,0.00394829166666667,0
274.558333333333,101629.166666667,312.479166666667,31.8625,2.39083333333333,-4.651875,0.00407345833333333,2.30833333333333e-09
275.2625,101950,315.725,67.2291666666667,2.83016666666667,-4.386625,0.00421658333333333,0
274.808333333333,101420.833333333,313.629166666667,37.3875,3.909125,-5.007,0.00415908333333333,0
274.6625,100766.666666667,312.95,17.6916666666667,4.63458333333333,-6.449625,0.00414179166666667,0
275.4125,100500,316.375,23,3.45329166666667,-5.08983333333333,0.00446829166666667,8.07916666666667e-09
275.6375,100216.666666667,317.383333333333,37.5375,0.9417625,-2.6435,0.00454783333333333,0
275.325,99990.8333333333,315.925,24.825,0.609841666666667,-2.963375,0.00447945833333333,1.385e-08
276.241666666667,99686.6666666667,320.25,29.8291666666667,1.5294875,-3.061375,0.00477783333333333,3.4625e-09
275.408333333333,99655.8333333333,316.345833333333,27.9083333333333,1.65267083333333,-4.75658333333333,0.00451995833333333,1.15416666666667e-08
273.525,99927.5,307.770833333333,20.7208333333333,1.80120416666667,-6.26841666666667,0.003931625,5.88625e-08
273.058333333333,100129.166666667,305.679166666667,37.8,-1.31985833333333,-5.48041666666667,0.00378829166666667,2.0775e-08
272.295833333333,100412.5,302.3,56.4416666666667,-3.98009166666667,1.39564166666667,0.00354529166666667,1.61583333333333e-08
272.129166666667,99720.8333333333,301.491666666667,55.5666666666667,0.8154,-1.13070833333333,0.00340454166666667,0
272.241666666667,100205,302.045833333333,51.9666666666667,-3.23859166666667,3.62932916666667,0.00344929166666667,9.23333333333333e-09
273.5625,100437.5,307.970833333333,51.2833333333333,-0.647145833333333,4.82045833333333,0.00383741666666667,6.925e-09
273.05,101250,305.7,51.1291666666667,-1.61273333333333,3.11077916666667,0.00362108333333333,0
270.275,101854.166666667,293.4625,66.7125,3.19265833333333,-2.21774166666667,0.002821,3.4625e-09
270.45,100833.333333333,294.291666666667,57.8541666666667,3.566625,-2.18030833333333,0.00297129166666667,0
274.508333333333,99711.6666666667,312.283333333333,29.575,2.46844583333333,1.45055833333333,0.00412616666666667,2.30833333333333e-08
274.0375,99948.3333333333,310.1125,45.9708333333333,-0.158929166666667,4.10108333333333,0.00407508333333333,8.07916666666667e-09
273.779166666667,100858.333333333,308.958333333333,27.125,-2.4405375,2.90729166666667,0.00396379166666667,1.84666666666667e-08
274.129166666667,101266.666666667,310.529166666667,13.3708333333333,-1.13829583333333,2.0062875,0.00403879166666667,6.925e-08
271.858333333333,101658.333333333,300.35,36.2375,-0.920416666666667,2.312475,0.003286875,9.23333333333333e-09
270.829166666667,101183.333333333,295.841666666667,33.4708333333333,-0.7953125,1.103625,0.00306945833333333,3.82041666666667e-08
268.6875,101112.5,286.629166666667,51.5,-2.215,0.7747125,0.00247425,0
268.35,101070.833333333,285.1625,35.6166666666667,-1.38952083333333,2.083,0.0024315,0
266.829166666667,101925,278.766666666667,39.1041666666667,-1.71918333333333,2.29530833333333,0.002136625,0
265.85,102587.5,274.7875,42.3291666666667,0.339525,1.03105,0.001990875,0
267.229166666667,102162.5,280.579166666667,22.6916666666667,-1.602325,1.33919583333333,0.002282125,0
268.616666666667,101250,286.3125,28.8416666666667,-2.26211666666667,-0.289841666666667,0.00251566666666667,0
267.254166666667,100691.666666667,280.533333333333,25.5,-1.43250833333333,-2.90408333333333,0.00223995833333333,0
266.591666666667,100837.5,277.7625,23.475,-1.20472916666667,-5.13429166666667,0.002064875,0
266.5125,101383.333333333,277.441666666667,23.525,-0.0180958333333333,-6.498,0.00207683333333333,0
267.5,101812.5,281.533333333333,24.1,-0.0277958333333333,-5.41466666666667,0.00228729166666667,0
268.554166666667,101454.166666667,286.020833333333,20.7125,2.25507916666667,-7.13891666666667,0.00253279166666667,1.24666666666667e-08
269.904166666667,100908.333333333,291.791666666667,20.3583333333333,0.768904166666667,-7.32391666666667,0.00288754166666667,0
270.533333333333,100583.333333333,294.579166666667,16.2833333333333,0.00540416666666667,-8.63375,0.00305925,0
268.120833333333,100775,284.154166666667,15.4,1.061,-8.92983333333333,0.00247720833333333,0
265.716666666667,101000,274.183333333333,14.4625,1.9602,-7.004625,0.00197108333333333,0
266.875,100720.833333333,278.925,13.8416666666667,1.40241666666667,-9.78833333333333,0.00219195833333333,0
266.254166666667,100195.833333333,276.333333333333,11.0291666666667,0.390704166666667,-14.8641666666667,0.00210154166666667,0
264.8125,100908.333333333,270.3875,9.67083333333333,-0.369441666666667,-11.631,0.00181666666666667,0
266.083333333333,101270.833333333,275.604166666667,13.3666666666667,0.0478166666666667,-10.2230416666667,0.00203433333333333,0
266.433333333333,100850,277.1875,15.7708333333333,3.56354583333333,-7.46558333333333,0.002142375,0
264.683333333333,100433.333333333,269.9125,12.1166666666667,4.07045833333333,-3.05184166666667,0.0018085,0
259.266666666667,100381.666666667,248.541666666667,15.0875,1.51219583333333,-1.9355125,0.00108527916666667,0
266.345833333333,100142.5,276.9625,12.7375,0.771545833333333,0.632583333333333,0.00219258333333333,8.65416666666667e-09
266,100245.833333333,275.425,10.35,2.45754166666667,0.9346625,0.00206095833333333,0
265.654166666667,100495.833333333,274.0625,7.69166666666667,-0.200179166666667,2.24677916666667,0.00199879166666667,0
264.570833333333,100962.5,269.420833333333,8.36666666666667,0.314304166666667,3.29320833333333,0.00174516666666667,0
264.7,101170.833333333,269.954166666667,6.025,-3.43484583333333,1.343775,0.00172945833333333,1.21208333333333e-08
259.141666666667,101345.833333333,247.995833333333,6.49583333333333,0.818133333333333,-4.12395833333333,0.00104884583333333,0
257.683333333333,101279.166666667,242.4875,5.81666666666667,2.952375,-4.55108333333333,0.000909258333333333,0
257.658333333333,101329.166666667,242.329166666667,6.27916666666667,3.16485833333333,-4.71566666666667,0.000908195833333333,0
261.55,101279.166666667,257.4625,5.35,3.32929166666667,-5.13233333333333,0.00132678333333333,5.81708333333333e-08
260.379166666667,101358.333333333,252.841666666667,4.77916666666667,-0.689408333333333,-2.75984166666667,0.00117655,7.47916666666667e-08
258.733333333333,101712.5,246.495833333333,4.09583333333333,3.48920416666667,-3.92554166666667,0.00101314583333333,0
256.975,100891.666666667,240.120833333333,5.34583333333333,4.71670833333333,-4.28929166666667,0.000914579166666667,0
255.85,100558.333333333,235.658333333333,5.975,2.76820833333333,-0.707495833333333,0.0007355125,0
254.033333333333,100283.333333333,228.995833333333,5.03333333333333,1.49630416666667,-2.11148333333333,0.000618645833333333,0
256.591666666667,100470.833333333,238.395833333333,4.2,2.39195833333333,-3.503625,0.0007968,0
267.395833333333,100391.666666667,281.433333333333,2.0125,3.16666666666667,0.308295833333333,0.00223704166666667,0
268.6625,101304.166666667,286.525,1.49166666666667,3.36579166666667,0.0860416666666667,0.002332125,0
270.0875,101120.833333333,292.816666666667,2.12083333333333,2.94375,-1.31308333333333,0.0027755,2.30833333333333e-09
273.533333333333,101591.666666667,307.7875,2.375,0.984154166666667,0.73705,0.00364241666666667,6.925e-09
268.345833333333,101775,285.458333333333,1.80416666666667,0.5886,-3.32855833333333,0.00259970833333333,0
263.329166666667,101779.166666667,264.475,1.90833333333333,1.3790875,1.59875,0.00154458333333333,0
264.016666666667,102087.5,267.216666666667,1.28333333333333,0.3005125,0.0951125,0.001667625,0
267.6875,102000,282.383333333333,1.02083333333333,1.94360833333333,-3.81305,0.002353875,0
265.779166666667,101320.833333333,274.429166666667,1.33333333333333,0.92,-3.03716666666667,0.001981625,0
264.720833333333,100408.333333333,270.029166666667,0.654166666666667,2.78405416666667,-7.155875,0.00180629166666667,0
263.958333333333,100600,266.945833333333,1.80416666666667,6.231875,-8.21791666666667,0.00168445833333333,0
259.908333333333,100054.166666667,251.004166666667,1.07083333333333,6.25116666666667,-7.40016666666667,0.001152975,0
258.204166666667,100100,244.483333333333,1.07083333333333,6.87379166666667,-5.783125,0.000977758333333333,0
248.141666666667,100462.5,208.566666666667,1.54166666666667,1.10938333333333,-1.4896625,0.0003513125,0
253.279166666667,100991.666666667,226.625,0.708333333333333,-1.45940416666667,-1.98254166666667,0.000626204166666667,0
253.916666666667,102570.833333333,228.591666666667,0.758333333333333,0.924654166666667,-3.63045833333333,0.000613691666666667,0
248.858333333333,103212.5,210.933333333333,0.654166666666667,3.54570833333333,-3.23175,0.0003605625,0
251.075,102266.666666667,218.570833333333,0.6,3.20825,-2.51795833333333,0.000461354166666667,0
256.2,101725,236.95,0.6,2.53704166666667,-5.72295833333333,0.000781095833333333,9.00416666666667e-09
254.2125,101895.833333333,229.641666666667,0.6,1.659825,-3.61532083333333,0.000636070833333333,0
253.545833333333,101454.166666667,227.316666666667,0.6,-0.963741666666667,2.03625416666667,0.000605545833333333,0
251.1125,101100,218.695833333333,0.6,0.0447083333333333,-0.3153125,0.000467733333333333,0
247.9375,100916.666666667,207.808333333333,0.6,1.07266666666667,0.255904166666667,0.000333845833333333,0
250.466666666667,101600,216.391666666667,0.6,0.181341666666667,-1.87854583333333,0.0004318625,0
249.879166666667,102062.5,214.575,0.6,-0.00857916666666667,-0.141470833333333,0.000417508333333333,0
255.945833333333,102420.833333333,235.9875,0.6,1.618925,-1.30482083333333,0.000752229166666667,0
249.475,102333.333333333,213.345833333333,0.6,0.5741875,-2.09979166666667,0.000423675,0
242.095833333333,102525,188.925,0.6,-0.0810833333333333,-1.56025,0.000171279166666667,0
245.708333333333,101995.833333333,200.541666666667,0.6,-0.374104166666667,-4.5375,0.000264875,0
245.329166666667,101600,199.1625,0.6,-0.232058333333333,-3.93433333333333,0.0002477375,0
243.883333333333,101416.666666667,194.525,0.6,-0.217841666666667,-1.935,0.000211166666666667,0
244.633333333333,101416.666666667,196.925,0.6,-0.340454166666667,-4.0075,0.0002295,0
248.504166666667,101254.166666667,209.7,0.6,-0.109366666666667,-4.505125,0.000351229166666667,0
247.629166666667,101587.5,206.8625,0.6,0.3038875,-3.45004166666667,0.000324045833333333,0
244.133333333333,101429.166666667,195.470833333333,0.6,0.0955041666666667,-1.48340833333333,0.000225154166666667,0
240.720833333333,101266.666666667,184.6125,0.6,-0.0569208333333333,-0.6786125,0.00014725,0
244.391666666667,101037.5,196.366666666667,0.6,0.3562625,-4.03533333333333,0.000239479166666667,0
249.9375,100941.666666667,214.604166666667,0.6,2.29546666666667,-5.432,0.0004088875,0
250.279166666667,100966.666666667,215.783333333333,0.6,2.62256666666667,-4.35154166666667,0.000425670833333333,0
249.4875,100683.333333333,213.1375,0.6,0.782191666666667,-4.36391666666667,0.000400804166666667,0
253.245833333333,100254.166666667,226.2625,0.6,0.235645833333333,-5.31333333333333,0.000591341666666667,0
255.8,100112.5,235.4125,0.6,0.504670833333333,-4.072875,0.0007558875,0
255.358333333333,100808.333333333,233.791666666667,0.6,-0.737720833333333,3.57112083333333,0.0007183375,0
252.879166666667,101550,224.983333333333,0.6,-1.2213625,3.03763333333333,0.000570204166666667,0
253.2,100983.333333333,226.166666666667,0.6,-1.63613333333333,1.75842916666667,0.0005925125,0
253.85,100762.5,228.366666666667,0.6,-1.03809583333333,-4.13955,0.0006230875,0
250.204166666667,101641.666666667,215.55,0.6,-1.22742083333333,-3.806925,0.000422554166666667,0
242.470833333333,103595.833333333,190.141666666667,0.6,1.60098333333333,-2.1225,0.000180720833333333,0
257.758333333333,101937.5,243.579166666667,0.6,6.753875,-1.68355416666667,0.0010645,0
261.658333333333,101800,258.279166666667,0.6,-0.903633333333333,4.43609166666667,0.00143032083333333,0
254.379166666667,102141.666666667,230.325,0.6,3.09672083333333,-6.4196875,0.000652870833333333,0
255.154166666667,101908.333333333,233.058333333333,0.6,7.95058333333333,-10.2327083333333,0.000696845833333333,0
253.395833333333,102679.166666667,226.716666666667,0.6,5.378,-4.49258333333333,0.000577829166666667,0
253.833333333333,103183.333333333,228.270833333333,0.6,1.54789583333333,-0.465725,0.000602054166666667,0
250.679166666667,103245.833333333,217.125,0.6,1.1676125,0.0035875,0.000434004166666667,0
250.2625,102683.333333333,215.720833333333,0.654166666666667,1.95749166666667,-0.436,0.0004163875,0
259.9,103083.333333333,251.183333333333,0.6,-1.77664166666667,2.01825833333333,0.001161275,1.00416666666667e-08
248.854166666667,102304.166666667,210.991666666667,0.6,-0.0485458333333333,0.445183333333333,0.000362504166666667,0
245.475,103404.166666667,199.670833333333,0.6,0.342354166666667,-0.386183333333333,0.000245029166666667,0
247.166666666667,102270.833333333,205.254166666667,0.6,1.04147916666667,-1.35375,0.000304625,0
254.529166666667,100929.166666667,231.370833333333,0.6,-0.7459625,0.937133333333333,0.00074835,1.385e-08
253.858333333333,102108.333333333,228.920833333333,0.6,-3.329325,-1.7734875,0.000692954166666667,0
244,102554.166666667,194.866666666667,0.6,0.933979166666667,-2.77825,0.0002120875,0
242.083333333333,102516.666666667,188.875,0.6,0.445420833333333,-1.80795833333333,0.000171058333333333,0
241.625,102329.166666667,187.429166666667,0.708333333333333,0.239170833333333,-1.74040833333333,0.000162520833333333,0
243.604166666667,101650,193.745833333333,0.808333333333333,0.774466666666667,-3.52341666666667,0.000210920833333333,0
248.075,100083.333333333,208.225,0.6,-0.463825,-5.118875,0.0003376,0
250.0375,99491.6666666667,214.9625,0.6,1.1673,-6.19291666666667,0.000420995833333333,0
250.65,99590.8333333333,217.029166666667,0.6,3.76975,-8.63983333333333,0.000446366666666667,0
251.458333333333,100140.833333333,219.841666666667,0.6,4.60004166666667,-5.87675,0.00048325,0
247.875,101191.666666667,207.708333333333,0.808333333333333,2.930625,-1.52397916666667,0.000337433333333333,1.10791666666667e-08
251.495833333333,100600,220.033333333333,0.916666666666667,1.10721666666667,-0.244541666666667,0.0004902875,0
249.833333333333,100375,214.2125,1.025,-3.53629166666667,4.65595833333333,0.000407554166666667,7.30583333333333e-08
248.495833333333,100629.166666667,209.704166666667,1.075,-1.2851125,2.0173,0.0003585125,0
246.704166666667,101012.5,204.095833333333,1.075,-4.431375,2.4693,0.000320208333333333,8.65416666666667e-09
239.325,101870.833333333,180.470833333333,1.59583333333333,-2.14285833333333,4.00533333333333,0.000127202083333333,0
238.516666666667,102187.5,177.970833333333,1.59583333333333,-2.609125,4.11283333333333,0.000113795416666667,1.17708333333333e-08
238.983333333333,102445.833333333,179.408333333333,1.3875,-2.5622,3.89720833333333,0.000121485833333333,0
239.845833333333,102816.666666667,182.054166666667,2.22083333333333,-2.04402083333333,3.915875,0.000134399583333333,0
238.8125,103445.833333333,178.845833333333,2.11666666666667,0.377879166666667,1.60069583333333,0.000115704166666667,0
241.5,103512.5,187.225,2.57916666666667,1.09519583333333,0.910195833333333,0.000167166666666667,0
262.316666666667,102120.833333333,260.85,1.38333333333333,0.19625,8.08804166666667,0.00151607083333333,1.17708333333333e-08
255.154166666667,102970.833333333,233.316666666667,2.90416666666667,-1.44807916666667,4.46855416666667,0.0007396,0
259.925,102191.666666667,251.025,2.85,3.59158333333333,-1.327775,0.00112266666666667,0
262.65,101291.666666667,261.7,2.95,-3.64722916666667,3.23125,0.001475875,0
250.5375,102333.333333333,217.716666666667,4.72083333333333,-3.11659583333333,3.05220833333333,0.000553575,0
237.85,103629.166666667,176.041666666667,5.70833333333333,0.0847666666666667,0.0298708333333333,0.000105237916666667,0
242.479166666667,102958.333333333,190.495833333333,4.92916666666667,2.24535833333333,-0.240983333333333,0.00020314625,0
245.329166666667,102341.666666667,199.379166666667,6.075,-5.39904166666667,4.05760416666667,0.000260566666666667,0
249.45,102554.166666667,213.070833333333,5.0875,-5.00433333333333,1.90002916666667,0.000396145833333333,0
240.7125,103404.166666667,184.658333333333,7.6375,-1.34355833333333,0.714958333333333,0.000147825,0
239.866666666667,103254.166666667,182.075,7.225,0.491858333333333,0.409579166666667,0.000132894583333333,0
239.629166666667,103441.666666667,181.304166666667,7.16666666666667,0.559404166666667,0.0484916666666667,0.000127766666666667,0
238.641666666667,102833.333333333,178.333333333333,7.90416666666667,0.804358333333333,-2.25304166666667,0.00011421375,0
238.120833333333,102654.166666667,176.791666666667,8.575,-0.272808333333333,-1.08339166666667,0.000107377916666667,0
237.8375,102541.666666667,175.9625,6.59583333333333,-0.0287041666666667,-1.079625,0.000105233333333333,0
240.2875,102933.333333333,183.329166666667,8.20833333333333,-0.00987083333333333,-1.7607375,0.000138441666666667,0
240.779166666667,103600,184.95,12.6875,0.878995833333333,-2.45866666666667,0.00014983,0
247.883333333333,101820.833333333,207.608333333333,13.3708333333333,1.71557916666667,-4.51208333333333,0.000325754166666667,3.67e-08
250.254166666667,100237.5,215.8375,9.35416666666667,0.3519,-1.2066625,0.0004413375,0
256.541666666667,100027.5,238.204166666667,7.33333333333333,0.773445833333333,-0.905379166666667,0.000819116666666667,2.5275e-08
262.716666666667,100770.833333333,262.375,14.2,-0.134558333333333,4.48670416666667,0.001593725,2.35458333333333e-08
256.4875,102133.333333333,237.975,10.0333333333333,-0.686229166666667,-0.345570833333333,0.000796408333333333,0
257.445833333333,101837.5,241.558333333333,11.0791666666667,0.830733333333333,-7.99316666666667,0.0008781375,9.69583333333333e-09
256.841666666667,101475,239.2875,17.6416666666667,5.58870833333333,-9.15870833333333,0.000829070833333333,1.48875e-08
254.945833333333,101062.5,232.3,23.5791666666667,6.69708333333333,-7.21754166666667,0.000688241666666667,1.00416666666667e-08
261.583333333333,101395.833333333,257.579166666667,23.7416666666667,2.18002083333333,1.49460416666667,0.0013547,0
265.033333333333,101225,271.4625,26.2375,4.99016666666667,10.1764583333333,0.001834625,9.69583333333333e-09
269.195833333333,99780,288.758333333333,19.4708333333333,2.69170833333333,8.890875,0.00266395833333333,0
261.583333333333,101103.333333333,258.079166666667,28.9958333333333,-0.681345833333333,5.26608333333333,0.00149742083333333,0
261.991666666667,100973.333333333,261.041666666667,23.425,-2.04479166666667,6.2884625,0.00177332916666667,2.30833333333333e-09
247.433333333333,104075,206.183333333333,25.9208333333333,-1.02347083333333,4.325125,0.0003035625,0
253.341666666667,102420.833333333,226.6375,31.7583333333333,6.932875,-5.43254166666667,0.000564929166666667,0
262.633333333333,100146.666666667,261.966666666667,29.1541666666667,-0.290229166666667,3.04284583333333,0.0015355625,0
248.791666666667,101287.5,210.683333333333,37.9041666666667,-2.80919166666667,4.75951666666667,0.0003629,0
250.554166666667,101300,216.745833333333,31.2375,1.8339,-3.14777916666667,0.000461216666666667,6.475e-08
246.525,101300,203.166666666667,44.3125,0.9410125,-1.019325,0.000274183333333333,5.64333333333333e-08
251.8375,101300,221.170833333333,40.0458333333333,-1.46904166666667,-6.25608333333333,0.000472325,3.53166666666667e-08
245.686956521739,101300,200.35652173913,49.7391304347826,-2.67847826086957,1.55143043478261,0.000245960869565217,0
245.275,101300,199.204166666667,47.3291666666667,-3.06363333333333,2.27475416666667,0.0003018625,0
237.25,101300,174.3125,63.7333333333333,0.0877916666666667,1.3405625,0.0001221525,0
238.354166666667,101300,177.554166666667,64.3666666666667,0.142895833333333,0.359079166666667,0.0001253675,0
235.675,98560.8333333333,169.729166666667,65.0375,0,0,8.60520833333333e-05,0
236.520833333333,99335,172.179166666667,69.725,0,0,9.34008333333333e-05,0
238.170833333333,100237.5,177.033333333333,72.2833333333333,0,0,0.000113579166666667,0
240.758333333333,100937.5,184.833333333333,75.825,0,0,0.000151783333333333,0
245.075,100625,198.75,67.0208333333333,1.97179166666667,-3.0145,0.000268095833333333,1.00416666666667e-08
252.175,100525,222.379166666667,59.775,-0.0792333333333333,1.2767,0.0005191,0
252.304166666667,101504.166666667,222.883333333333,58.6916666666667,-1.93619583333333,-1.2756,0.0005239875,9.35e-09
253.216666666667,101945.833333333,226.066666666667,69.675,-0.243804166666667,-5.9325,0.000566154166666667,1.41958333333333e-08
252.204166666667,101795.833333333,222.491666666667,63.8958333333333,1.43532916666667,-7.39579166666667,0.000510091666666667,9.35e-09
252.5875,101033.333333333,223.833333333333,86.9125,1.07299583333333,-2.32995833333333,0.0005381375,0
252.775,101475,224.658333333333,66.4958333333333,-1.925025,3.06908333333333,0.000564670833333333,0
245.604166666667,102016.666666667,200.166666666667,93.7333333333333,-0.5796,2.80991666666667,0.000259525,0
244.320833333333,101595.833333333,196.133333333333,80.8166666666667,1.8679875,-2.43779583333333,0.0002328,1.86958333333333e-08
247.133333333333,100587.5,205.245833333333,105.829166666667,0.747483333333333,-0.853270833333333,0.000309595833333333,0
251.904166666667,99991.6666666667,221.6125,90.9333333333333,2.16039166666667,-4.13204166666667,0.0005297375,2.70041666666667e-08
253.904166666667,100198.333333333,228.55,92.75,-0.383245833333333,-1.55208333333333,0.000622070833333333,4.25916666666667e-08
249.179166666667,100891.666666667,212.120833333333,103.325,-1.2756125,-1.349175,0.000387416666666667,1.66208333333333e-08
252.266666666667,101154.166666667,222.891666666667,92.6541666666667,0.421491666666667,-6.30408333333333,0.0005406875,9.69583333333333e-09
252.304166666667,100962.5,222.929166666667,103.370833333333,2.55027916666667,-7.67083333333333,0.000533041666666667,0
255.275,100975,233.533333333333,103.529166666667,5.96225,-8.64666666666667,0.000709579166666667,0
252.5875,101762.5,223.895833333333,124.2625,2.16245,-5.55545833333333,0.000531766666666667,2.94291666666667e-08
249.7375,102712.5,213.958333333333,107.3875,-0.569270833333333,-1.16909583333333,0.000396816666666667,0
253.191666666667,103250,226.104166666667,109.575,0.0413625,0.1679,0.000568120833333333,0
250.379166666667,102691.666666667,216.154166666667,134.425,2.29686666666667,-4.41320833333333,0.000426529166666667,0
250.791666666667,101666.666666667,217.808333333333,134.9375,1.5218375,-4.85695833333333,0.000468008333333333,0
254.704166666667,100525,231.466666666667,130.620833333333,3.75883333333333,-9.23741666666667,0.000669029166666667,0
256.545833333333,100126.666666667,238.229166666667,107.654166666667,2.58108333333333,-12.035,0.000802504166666667,0
258.7125,99535.8333333333,246.3625,118.2125,2.94470833333333,-9.24508333333333,0.00100247083333333,0
257.816666666667,99788.3333333333,243.091666666667,121.6125,-0.0806416666666667,-5.1935,0.000940791666666667,0
257.425,99792.5,241.620833333333,123.633333333333,-1.1308,0.209683333333333,0.000906208333333333,0
256.958333333333,99752.5,239.816666666667,128.220833333333,-0.00757083333333334,-1.96949583333333,0.000853770833333333,0
256.408333333333,100102.5,237.858333333333,140.458333333333,0.777416666666667,-2.646375,0.000831241666666667,4.12041666666667e-08
250.495833333333,100741.666666667,216.7375,167.129166666667,1.0711,-0.814654166666667,0.000454545833333333,3.73958333333333e-08
253.779166666667,100825,228.316666666667,136.975,0.6659625,-1.6071125,0.000641620833333333,2.21583333333333e-08
252.720833333333,100704.166666667,224.7625,149.266666666667,0.751741666666667,-2.704875,0.000598004166666667,1.03875e-08
253.5,101233.333333333,227.325,156.458333333333,0.8682875,-2.023,0.000614504166666667,1.45416666666667e-08
251.804166666667,101804.166666667,221.4125,169.995833333333,0.476204166666667,-3.32854166666667,0.00052445,0
257.4125,101591.666666667,241.620833333333,137.491666666667,1.49965416666667,-7.31579166666667,0.0008830375,2.14666666666667e-08
261.341666666667,100155.833333333,256.783333333333,151.704166666667,2.7121375,-9.21375,0.00135514583333333,2.94333333333333e-08
265.804166666667,99779.1666666667,274.658333333333,183.904166666667,2.6565,-2.76737083333333,0.00196816666666667,1.45416666666667e-08
263.991666666667,100304.166666667,267.195833333333,139.575,-2.37144583333333,0.653508333333333,0.001708375,1.35041666666667e-08
268.266666666667,100445.833333333,284.804166666667,189.579166666667,1.04937916666667,4.61804583333333,0.00238891666666667,1.73125e-08
268.875,100870.833333333,287.55,181.458333333333,4.40270833333333,1.54335833333333,0.00250104166666667,1.17708333333333e-08
265.825,101020.833333333,274.658333333333,217.55,-0.219191666666667,-2.74827916666667,0.00190229166666667,0
262.941666666667,101004.166666667,262.825,176.929166666667,0.0947416666666667,0.381829166666667,0.00150675,0
264.525,101100,269.245833333333,155.625,0.186595833333333,1.092625,0.001751125,9.00416666666667e-09
263.395833333333,101187.5,264.704166666667,195.775,0.391354166666667,-0.496941666666667,0.00156958333333333,0
262.091666666667,100958.333333333,259.458333333333,190.820833333333,0.750475,-1.76765,0.0013814375,0
265.220833333333,100975,272.095833333333,154.379166666667,0.164825,-2.33216666666667,0.00187920833333333,0
263.4875,101483.333333333,265.070833333333,176.141666666667,1.42796666666667,-4.32625,0.00156945833333333,0
262.304166666667,101712.5,260.391666666667,194.216666666667,4.17204166666667,-4.995125,0.00141308333333333,4.91625e-08
265.0625,101854.166666667,271.454166666667,216.558333333333,2.98252083333333,-1.05512916666667,0.00181616666666667,0
265.8875,102254.166666667,274.995833333333,171.041666666667,-1.79786666666667,1.8732625,0.00198170833333333,0
265.75,102395.833333333,274.295833333333,176.245833333333,-2.69914583333333,1.29395,0.00184670833333333,0
263.354166666667,102404.166666667,264.504166666667,202.545833333333,-1.0289125,-2.4227375,0.00147308333333333,0
264.008333333333,101766.666666667,267.170833333333,192.45,4.005625,-5.05816666666667,0.00161429166666667,9.00416666666667e-09
264.683333333333,100762.5,270.058333333333,258.170833333333,2.664575,-1.70700416666667,0.00171445833333333,0
269.075,100370.833333333,288.8375,214.945833333333,2.30954166666667,-1.49480833333333,0.002764125,0
272.158333333333,101220.833333333,301.745833333333,213.229166666667,-0.573708333333333,0.3774125,0.003310875,2.30833333333333e-09
272.554166666667,101512.5,303.4375,182.245833333333,0.657295833333333,-5.73275,0.00349508333333333,0
272.65,100908.333333333,303.845833333333,175.470833333333,-0.644208333333333,-1.25300833333333,0.00361704166666667,0
272.525,101341.666666667,303.3625,175.983333333333,-2.00347083333333,3.77445416666667,0.00355154166666667,0
270.608333333333,101420.833333333,294.9,220.05,2.73559166666667,-4.776375,0.00298608333333333,0
270.354166666667,101314.166666667,293.754166666667,183.745833333333,6.08304166666667,-9.32154166666667,0.002893875,0
272.75,101300,304.370833333333,201.829166666667,4.85338333333333,-4.50180416666667,0.00403329166666667,0
274.279166666667,101270,311.258333333333,206.825,2.07212916666667,-0.510779166666667,0.00424833333333333,2.0775e-08
276.333333333333,101025,320.629166666667,222.958333333333,3.365625,1.81734583333333,0.00455241666666667,9.69583333333333e-09
278.433333333333,100845.833333333,330.570833333333,167.2875,1.34225833333333,-0.0549375,0.00483316666666667,1.21208333333333e-08
278.4375,101425,330.591666666667,239.0125,0.311583333333333,0.142279166666667,0.00491554166666667,1.48875e-08
277.020833333333,101366.666666667,324.0125,207.716666666667,1.6031375,-3.41658333333333,0.00466404166666667,0
280.308333333333,101045.833333333,339.875,242.55,2.50919166666667,0.8481375,0.005418625,9.35e-09
277.491666666667,101820.833333333,326.1375,254.741666666667,-0.709295833333333,0.0749249999999999,0.00429879166666667,9.23333333333333e-09
277.045833333333,101445.833333333,324.004166666667,254.891666666667,4.87133333333333,-6.08975,0.00430733333333333,0
276.320833333333,101183.333333333,320.741666666667,209.208333333333,3.48220833333333,-4.69916666666667,0.00438083333333333,0
275.545833333333,101666.666666667,317.054166666667,144.429166666667,0.3336375,-2.42663333333333,0.00422208333333333,6.925e-09
275.708333333333,102120.833333333,317.795833333333,229.5375,-0.345808333333333,-2.292425,0.004107875,0
275.55,102208.333333333,317.2125,256.983333333333,0.788416666666667,-4.04520833333333,0.004279125,0
276.2875,102216.666666667,320.5625,155.15,1.58373333333333,-4.71575,0.00458216666666667,1.15416666666667e-08
276.841666666667,102620.833333333,323.108333333333,169.745833333333,2.00807083333333,-1.6790875,0.004527625,5.07833333333333e-08
277.604166666667,102754.166666667,326.783333333333,244.529166666667,0.881825,-4.0695,0.00467720833333333,0
272.7,102962.5,304.1,175.2125,-1.58419583333333,-4.25583333333333,0.00319629166666667,0
273.3125,102641.666666667,307.025,222.708333333333,-2.717125,-0.5871,0.00328583333333333,0
272.954166666667,101791.666666667,305.254166666667,154.491666666667,-4.98083333333333,-2.1344375,0.00342366666666667,0
271.108333333333,101450,297.054166666667,120.525,-3.15754166666667,-3.10704166666667,0.00272483333333333,0
270.4875,100887.5,294.379166666667,123.4375,-3.20675,-5.33191666666667,0.00261804166666667,0
272.0375,100270.833333333,301.183333333333,131.25,-3.741,-5.12358333333333,0.00330045833333333,0
278.2875,100575,330.2,282.45,-0.150604166666667,-3.76191666666667,0.00477758333333333,0
283.266666666667,100350.833333333,354.658333333333,314.9,1.464,-2.7879375,0.00524533333333333,0
281.7625,99965,346.783333333333,212.033333333333,1.397075,1.437025,0.00511225,0
279.8125,99700,337.208333333333,222.345833333333,0.391829166666667,-0.126829166666667,0.005028375,4.8475e-08
275.791666666667,99439.1666666667,318.179166666667,152.091666666667,-4.07366666666667,2.74848333333333,0.00451883333333333,2.0775e-08
275.270833333333,100987.5,315.7875,209.795833333333,-1.01952916666667,2.24610416666667,0.00353304166666667,0
280.625,102066.666666667,341.316666666667,240.2125,1.5642875,0.0429958333333333,0.004411375,0
282.775,102500,351.745833333333,130.004166666667,0.480304166666667,-0.215283333333333,0.005951,0
285.4375,102479.166666667,365.583333333333,236.975,-0.0444583333333333,0.243983333333333,0.00661091666666667,4.61666666666667e-09
280.8625,102379.166666667,342.258333333333,151.608333333333,-0.2373,3.14776666666667,0.00572429166666667,1.15416666666667e-08
285.075,102179.166666667,363.720833333333,301.0875,0.574854166666667,1.76147916666667,0.006111875,0
286.4625,101550,370.7375,330.991666666667,-0.439058333333333,1.80481666666667,0.00668116666666667,0
283.6875,101487.5,356.354166666667,230.679166666667,-1.005375,2.09622916666667,0.006601625,0
288.441666666667,101216.666666667,381.283333333333,307.083333333333,1.48289166666667,-1.09485833333333,0.00772325,0
292.004166666667,100895.833333333,400.108333333333,327.283333333333,-0.265479166666667,0.0147125,0.00821075,0
292.908333333333,100779.166666667,405.179166666667,334.1125,-0.00434583333333336,2.14784583333333,0.00882579166666667,0
286.45,100787.5,370.266666666667,322.65,-1.3819,2.29594583333333,0.0060565,0
291.991666666667,100475,400.404166666667,312.45,0.554095833333333,1.39379166666667,0.00761020833333333,0
286.6625,100150,371.704166666667,263.858333333333,0.3026625,3.53745416666667,0.00715320833333333,3.23166666666667e-08
280.7,99965.8333333333,341.4125,92.55,-1.32545833333333,-0.543358333333333,0.006269625,5.54e-08
279.866666666667,100091.666666667,337.325,104.266666666667,-1.34987916666667,1.0258875,0.005876875,1.84666666666667e-08
280.320833333333,100866.666666667,339.608333333333,236.504166666667,-0.970241666666667,1.88807083333333,0.005123375,0
285.845833333333,100629.166666667,367.283333333333,277.758333333333,0.0105458333333333,-0.261333333333333,0.00677791666666667,0
286.970833333333,100441.666666667,373.145833333333,227.758333333333,-0.366704166666667,0.954833333333333,0.00717341666666667,2.30833333333333e-09
285.616666666667,100775,366.045833333333,126.775,-0.607991666666667,0.444291666666667,0.00804104166666667,1.61583333333333e-08
283.991666666667,100958.333333333,357.854166666667,142.083333333333,0.857229166666667,1.82417916666667,0.00688491666666667,9.23333333333333e-09
284.616666666667,100800,360.895833333333,139.116666666667,0.11225,1.7584125,0.00735941666666667,0
284.004166666667,101700,357.795833333333,168.395833333333,-1.38932083333333,0.335170833333333,0.00667025,0
288.341666666667,102000,380.479166666667,278.225,0.831466666666667,-1.08747916666667,0.00731679166666667,0
290.291666666667,101845.833333333,390.870833333333,319.845833333333,0.7173625,-3.59358333333333,0.00754179166666667,0
292.033333333333,101150,400.4,261.983333333333,0.894841666666667,-3.36341666666667,0.00906358333333333,0
286.495833333333,100558.333333333,370.720833333333,298.179166666667,-1.36615833333333,-7.01958333333333,0.00719516666666667,0
279.9875,101287.5,338.029166666667,211.933333333333,-1.50597916666667,-6.98395833333333,0.00516583333333333,0
279.783333333333,101320.833333333,337.0875,192.454166666667,-1.89652083333333,-4.807875,0.005360375,0
280.775,101133.333333333,342.083333333333,285.991666666667,-2.09984583333333,-3.722625,0.00540604166666667,0
279.575,100900,336.220833333333,263.079166666667,-1.85150833333333,-4.26229166666667,0.00519304166666667,0
278.175,100845.833333333,329.308333333333,164.1125,-1.8554,-4.59066666666667,0.0050255,0
279.320833333333,100758.333333333,334.8625,139.895833333333,-2.81479166666667,-3.64745833333333,0.00542683333333333,0
280.370833333333,100712.5,339.808333333333,120.1625,-2.22472916666667,-0.871666666666667,0.00539729166666667,0
280.579166666667,100720.833333333,340.816666666667,107.0875,-1.03115416666667,-1.81803333333333,0.00570616666666667,0
281.033333333333,100558.333333333,343.204166666667,184.95,-0.742166666666667,-4.91179166666667,0.00607745833333333,0
278.783333333333,99960.8333333333,332.191666666667,142.191666666667,-1.92082083333333,-2.54433333333333,0.00555220833333333,0
281.408333333333,100482.5,344.95,105.004166666667,-0.764508333333333,-0.457041666666667,0.00653333333333333,0
279.845833333333,101425,337.2625,80.5208333333333,-1.84029583333333,3.28087083333333,0.00580608333333333,0
281.720833333333,101866.666666667,346.475,94.0625,-0.727591666666667,2.32009166666667,0.00649195833333333,0
283.425,101416.666666667,354.908333333333,186.458333333333,-0.557379166666667,-2.9827875,0.00670770833333333,0
281.966666666667,100841.666666667,347.904166666667,223.029166666667,-1.59564166666667,-5.83070833333333,0.005933625,0
278.466666666667,100900,330.716666666667,139.683333333333,-2.0927875,-4.11845833333333,0.00518041666666667,0
277.458333333333,101033.333333333,326.016666666667,196.979166666667,-2.34683333333333,-2.496875,0.00466470833333333,0
279.475,100950,335.691666666667,182.241666666667,-2.12320833333333,-2.03542916666667,0.005414125,0
279.145833333333,100741.666666667,333.9875,158.229166666667,-2.233,-2.07416666666667,0.00541304166666667,0
278.679166666667,100891.666666667,331.641666666667,134.795833333333,-2.5176125,-1.41073333333333,0.00515191666666667,0
277.483333333333,101254.166666667,326.05,130.570833333333,-2.25956666666667,0.0582541666666667,0.00477866666666667,0
278.25,101616.666666667,329.745833333333,147.291666666667,-0.360983333333333,-0.5418375,0.00486791666666667,0
281.983333333333,101520.833333333,347.775,200.054166666667,0.774041666666667,-0.573020833333333,0.00551183333333333,0
282.808333333333,100695.833333333,351.825,62.8166666666667,1.98292916666667,3.32741666666667,0.006818375,3.69333333333333e-08
278.575,101229.166666667,331.245833333333,148.275,-1.215325,1.13063333333333,0.005052875,0
284.183333333333,100775,359.05,48.5333333333333,0.893654166666667,1.90207083333333,0.00778233333333333,6.925e-08
283.020833333333,100870.833333333,352.820833333333,44.1583333333333,0.147829166666667,2.21695833333333,0.007247875,6.69416666666667e-08
278.65,101620.833333333,331.591666666667,122.708333333333,-1.83977083333333,2.48519583333333,0.00492825,0
277.7,101704.166666667,327.1,120.516666666667,-1.6961375,0.230191666666667,0.00469879166666667,0
279.1625,101229.166666667,334.329166666667,145.2,1.9743375,-3.18833333333333,0.00495141666666667,0
280.7375,100450,341.545833333333,87.2916666666667,0.0519708333333333,0.3436875,0.00587495833333333,3.23166666666667e-08
280.379166666667,100133.333333333,339.925,127.079166666667,0.798825,0.882508333333333,0.00541904166666667,1.385e-08
281.195833333333,99926.6666666667,343.858333333333,158.541666666667,0.673125,0.8669,0.00502195833333333,0
278.18,100106,329.31,50.62,-1.72462,-0.81597,0.0052575,0
244.05,101550,195.25,0.6,-2.457,0.7156,0.0002202,0
